600
600
600
599
598
597
596
595
593
591
589
587
585
582
579
576
573
570
566
563
559
555
550
546
541
537
532
527
521
516
511
505
499
493
487
481
475
469
462
456
449
443
436
429
422
415
408
401
394
387
380
373
366
359
351
344
337
330
323
316
309
302
295
288
281
274
267
261
254
248
241
235
229
222
216
211
205
199
194
188
183
178
173
168
163
159
154
150
146
142
139
135
132
128
125
122
120
117
115
113
111
109
107
106
105
104
103
102
101
101
101
101
101
101
101
102
103
104
105
106
107
109
110
112
114
116
118
120
123
125
128
131
133
136
139
142
146
149
152
156
159
163
166
170
173
177
181
185
189
192
196
200
204
208
212
216
220
224
228
232
235
239
243
247
251
254
258
262
265
269
272
276
279
282
286
289
292
295
298
301
304
307
309
312
314
317
319
321
324
326
328
329
331
333
335
336
338
339
340
342
343
344
345
345
346
347
347
348
348
349
349
349
349
349
349
349
349
348
348
347
347
346
346
345
344
344
343
342
341
340
339
338
337
336
335
333
332
331
330
328
327
326
324
323
322
320
319
318
316
315
314
312
311
310
308
307
306
305
303
302
301
300
299
297
296
295
294
293
292
292
291
290
289
288
288
287
286
286
285
285
284
284
283
283
283
283
282
282
282
282
282
282
282
282
282
283
283
283
283
284
284
285
285
286
286
287
287
288
289
290
290
291
292
293
294
295
296
297
298
299
300
301
302
303
304
305
306
308
309
310
311
313
314
315
316
318
319
320
322
323
324
326
327
328
330
331
332
333
335
336
337
339
340
341
342
343
345
346
347
348
349
350
351
352
353
354
355
356
357
358
359
360
360
361
362
363
363
364
364
365
365
366
366
366
367
367
367
367
367
367
367
367
367
367
367
367
366
366
366
365
365
364
364
363
362
362
361
360
359
358
357
356
355
354
353
352
351
350
348
347
346
344
343
342
340
339
337
336
334
332
331
329
328
326
324
323
321
319
317
316
314
312
311
309
307
305
304
302
300
299
297
295
294
292
290
289
287
286
284
283
281
280
278
277
276
274
273
272
271
270
269
268
266
266
265
264
263
262
261
261
260
259
259
258
258
257
257
256
256
256
256
255
255
255
255
255
255
255
255
255
256
256
256
256
256
257
257
258
258
258
259
259
260
260
261
261
262
262
263
264
264
265
265
266
267
267
268
268
269
270
270
271
271
272
272
273
273
274
274
275
275
276
276
277
277
277
278
278
278
278
279
279
279
279
279
279
279
280
280
280
280
280
280
279
279
279
279
279
279
279
278
278
278
278
278
277
277
277
276
276
276
275
275
275
274
274
274
273
273
273
273
272
272
272
271
271
271
271
270
270
270
270
269
269
269
269
269
269
269
269
269
269
269
269
269
269
269
269
269
269
270
270
270
271
271
271
272
272
272
273
273
274
274
275
275
276
276
277
278
278
279
280
280
281
282
283
283
284
285
286
287
287
288
289
290
291
292
293
293
294
295
296
297
298
299
299
300
301
302
303
303
304
305
306
307
307
308
309
309
310
311
311
312
313
313
314
314
315
315
316
316
316
317
317
317
318
318
318
318
318
318
318
318
319
318
318
318
318
318
318
318
317
317
317
317
316
316
315
315
314
314
313
313
312
312
311
310
310
309
308
307
307
306
305
304
303
302
301
300
299
299
298
297
296
295
294
292
291
290
289
288
287
286
285
284
283
282
281
280
279
278
277
276
275
274
273
272
271
270
269
268
267
266
265
264
264
263
262
261
261
260
259
259
258
257
257
256
256
256
255
255
254
254
254
254
254
253
253
253
253
253
253
253
254
254
254
254
255
255
255
256
256
257
257
258
258
259
260
261
261
262
263
264
265
266
267
268
269
270
271
272
274
275
276
277
279
280
281
283
284
286
287
288
290
291
293
294
296
297
299
300
302
303
305
306
308
309
311
312
314
315
317
318
320
321
323
324
325
327
328
329
331
332
333
334
335
336
337
338
339
340
341
342
343
344
344
345
346
346
347
347
348
348
348
349
349
349
349
349
349
349
349
349
348
348
348
347
347
346
346
345
344
344
343
342
341
340
339
338
337
335
334
333
332
330
329
327
326
324
322
321
319
317
315
314
312
310
308
306
304
302
300
298
296
294
292
289
287
285
283
281
279
277
274
272
270
268
266
264
262
260
258
256
254
252
250
248
246
244
242
240
239
237
235
234
232
231
229
228
227
226
224
223
222
221
220
219
219
218
217
217
216
216
215
215
215
215
214
214
215
215
215
215
215
216
216
217
217
218
219
220
221
222
223
224
225
226
227
228
230
231
233
234
236
237
239
240
242
244
245
247
249
251
253
255
256
258
260
262
264
266
268
270
272
274
276
278
280
281
283
285
287
289
291
293
294
296
298
300
301
303
305
306
308
309
311
312
314
315
316
318
319
320
321
322
324
325
326
327
328
329
329
330
331
332
333
333
334
335
335
336
336
337
337
337
338
338
338
339
339
339
339
340
340
340
340
340
340
340
340
340
340
340
340
340
340
339
339
339
339
339
339
338
338
338
338
337
337
337
337
336
336
336
336
335
335
335
334
334
334
334
333
333
333
332
332
332
332
331
331
331
330
330
330
330
329
329
329
329
328
328
328
327
327
327
327
326
326
326
326
325
325
325
324
324
324
324
323
323
323
322
322
322
321
321
321
321
320
320
319
319
319
318
318
317
317
317
316
316
315
315
314
314
313
313
312
312
311
310
310
309
308
308
307
306
306
305
304
303
302
302
301
300
299
298
297
296
295
294
293
292
291
290
289
288
287
286
285
284
283
282
280
279
278
277
276
274
273
272
271
269
268
267
266
264
263
262
260
259
258
257
255
254
253
251
250
249
248
247
245
244
243
242
241
240
239
237
236
235
234
233
232
232
231
230
229
228
227
227
226
225
225
224
224
223
223
222
222
222
221
221
221
221
221
221
221
221
221
221
221
222
222
222
223
223
224
225
225
226
227
227
228
229
230
231
232
233
235
236
237
238
240
241
243
244
246
247
249
251
253
254
256
258
260
262
264
266
268
270
273
275
277
279
282
284
286
289
291
293
296
298
301
303
306
308
311
313
316
318
321
323
326
328
331
333
336
338
341
343
346
348
351
353
355
358
360
362
365
367
369
371
373
375
377
379
381
383
385
387
389
390
392
393
395
396
398
399
400
401
402
403
404
405
406
407
407
408
409
409
409
409
410
410
410
410
409
409
409
408
408
407
407
406
405
404
403
402
401
400
398
397
395
394
392
390
388
386
384
382
380
378
376
373
371
368
366
363
360
358
355
352
349
346
343
340
337
334
331
327
324
321
318
314
311
308
305
301
298
295
291
288
285
281
278
275
272
269
265
262
259
256
253
250
248
245
242
239
237
234
232
230
227
225
223
221
219
217
215
214
212
211
209
208
207
206
205
204
204
203
203
202
202
202
202
202
202
202
203
203
204
204
205
206
207
208
209
210
212
213
215
216
218
219
221
223
225
227
229
231
234
236
238
240
243
245
248
250
253
255
258
261
263
266
269
271
274
277
279
282
285
288
290
293
296
298
301
304
306
309
312
314
317
319
322
324
326
329
331
333
336
338
340
342
344
346
348
350
352
353
355
357
358
360
361
363
364
365
366
367
368
369
370
371
372
372
373
373
374
374
374
375
375
375
375
374
374
374
374
373
372
372
371
370
369
369
367
366
365
364
363
361
360
358
356
355
353
351
349
347
345
343
341
339
337
334
332
330
327
325
322
319
317
314
311
309
306
303
301
298
295
292
289
286
284
281
278
275
272
269
267
264
261
258
256
253
251
248
245
243
241
238
236
234
232
229
227
225
223
222
220
218
217
215
214
212
211
210
209
208
207
206
206
205
205
204
204
204
204
204
204
205
205
206
206
207
208
209
210
211
212
213
215
216
218
220
221
223
225
227
230
232
234
237
239
242
244
247
250
252
255
258
261
264
267
270
273
277
280
283
286
290
293
296
300
303
306
310
313
317
320
323
327
330
333
337
340
343
346
350
353
356
359
362
365
368
371
374
377
380
382
385
388
390
393
395
398
400
402
404
406
408
410
412
414
416
417
419
420
422
423
424
425
426
427
428
429
430
430
431
431
432
432
432
432
432
432
432
432
431
431
430
430
429
428
428
427
426
425
424
422
421
420
418
417
415
414
412
410
408
406
404
402
400
398
396
393
391
389
386
384
381
379
376
373
371
368
365
362
360
357
354
351
348
345
342
339
336
333
330
327
324
320
317
314
311
308
305
302
299
296
293
290
287
284
281
278
275
272
270
267
264
261
259
256
254
251
249
246
244
242
240
237
235
233
231
229
228
226
224
223
221
220
218
217
216
215
214
213
212
211
210
210
209
209
208
208
208
207
207
207
207
208
208
208
208
209
209
210
211
211
212
213
214
215
216
217
218
220
221
222
223
225
226
228
229
231
232
234
236
237
239
240
242
244
246
247
249
251
252
254
256
258
259
261
263
264
266
268
269
271
273
274
276
277
279
280
281
283
284
285
