       0    1541.9992   -235.50682    -244.6755    9.1686758 
      10    1557.8392   -235.50683   -244.76968    9.2628599 
      20    1587.6098   -235.50683    -244.9467    9.4398749 
      30    1630.7406   -235.50683   -245.20316    9.6963294 
      40    1686.0614   -235.50684    -245.5321    10.025265 
      50    1751.5426   -235.50685   -245.92147    10.414614 
      60    1823.9304   -235.50687    -246.3519    10.845029 
      70    1896.8138   -238.19844   -249.47683    11.278391 
      80    1964.1381   -238.19848   -249.87718      11.6787 
      90    2017.8624   -238.19852   -250.19666    11.998142 
     100    2049.9044   -237.69907   -249.88774    12.188663 
     110    2055.3993   -237.69907   -249.92041    12.221336 
     120    2038.0897   -237.69901   -249.81743    12.118414 
     130    2014.9436   -237.69892    -249.6797    11.980788 
     140    2012.8264   -237.69882   -249.66702    11.968198 
     150    2056.3566   -237.69879   -249.92582    12.227028 
     160    2153.1837   -237.69885   -250.50161    12.802758 
     170    2288.9945   -237.69895   -251.30924    13.610285 
     180    2441.8489   -233.97207   -248.49122    14.519152 
     190    2586.8004   -233.97211   -249.35314    15.381029 
     200    2709.8604   -233.97209   -250.08483     16.11274 
     210    2811.8028   -232.17338   -248.89226    16.718885 
     220    2891.0502   -232.17332   -249.36341    17.190088 
     230    2967.3362   -232.54467   -250.18836    17.643682 
     240    3048.8591   -232.54463   -250.67305    18.128414 
     250    3140.1012    -229.9454   -248.61633    18.670937 
     260    3254.7426   -230.02902   -249.38161    19.352591 
     270    3370.3316    -233.1824   -253.22228    20.039879 
     280    3512.8387   -233.32286   -254.21008    20.887222 
     290    3709.5094   -230.87813   -252.93475    22.056619 
     300    3945.8225   -227.35086   -250.81259    23.461729 
     310    4245.5082   -230.49104   -255.73469     25.24365 
     320    4545.6254   -231.23806    -258.2662    27.028137 
     330     4882.826   -232.91027   -261.94339    29.033121 
     340    5145.8401   -220.64944   -251.24643    30.596994 
     350    5359.5262   -216.76314   -248.63071    31.867564 
     360    5566.8977   -216.76317   -249.86376    33.100588 
     370    5776.2787    -216.7632   -251.10876    34.345561 
     380    5981.4619   -216.76323    -252.3288    35.565573 
     390    6191.0817   -219.43783   -256.24979    36.811965 
     400    6401.5627   -219.43776   -257.50124    38.063478 
     410    6617.4706   -218.80539   -258.15265     39.34726 
     420    6900.1475   -222.42926   -263.45731    41.028047 
     430    7277.2382   -223.44575   -266.71597    43.270216 
     440    7770.8962   -223.87976   -270.08525     46.20549 
     450    8201.6294   -209.62623   -258.39285    48.766615 
     460    8634.2485   -209.62625    -260.9652    51.338954 
     470    9104.5779   -208.77536   -262.91088    54.135517 
     480    9617.8534   -209.84183   -267.02927    57.187436 
     490    10231.026   -211.64772   -272.48106    60.833339 
     500     10901.25   -201.80519   -266.62366    64.818471 
     510    11411.675   -199.06905   -266.92249    67.853437 
     520    11817.768   -195.79738   -266.06544    70.268054 
     530    12263.883   -203.99036     -276.911    72.920642 
     540    12785.528   -206.92435   -282.94667    76.022325 
     550    13460.512   -206.92436   -286.96012    80.035757 
     560    14093.482   -189.16129   -272.96066    83.799376 
     570    14556.913   -172.18359   -258.73851    86.554922 
     580    14856.527   -170.00864   -258.34506    88.336415 
     590    15175.072   -170.00864   -260.23911    90.230471 
     600    15535.508   -170.78859    -263.1622     92.37361 
     610    15934.495   -168.32396   -263.06993    94.745977 
     620    16372.529   -169.00095   -266.35146    97.350512 
     630    16812.472   -170.58905   -270.55545    99.966398 
     640    17282.876   -170.58904   -273.35244     102.7634 
     650    17786.631   -168.17807   -273.93678    105.75871 
     660    18303.127   -165.31982   -274.14961    108.82978 
     670    18838.863   -168.69797   -280.71322    112.01525 
     680    19371.538    -156.6082   -271.79072    115.18252 
     690    19839.766   -158.98676   -276.95335    117.96659 
     700    20288.616   -157.79395   -278.42939    120.63543 
     710    20858.525   -163.53539   -287.55948    124.02409 
     720    21604.598   -162.55005   -291.01027    128.46022 
     730    22423.262   -150.18271   -283.51068    133.32797 
     740    23360.403   -154.06011   -292.96028    138.90018 
     750    24483.525   -157.51003   -303.08825    145.57822 
     760    25683.999   -157.50957   -310.22578     152.7162 
     770    27157.302   -157.50927   -318.98568    161.47641 
     780    29074.681   -167.98916   -340.86624    172.87708 
     790    31361.307   -158.12411    -344.5974    186.47329 
     800    34008.547   -158.12351    -360.3372    202.21369 
     810    37185.422   -169.17525   -390.27853    221.10328 
     820    40445.757   -138.32815   -378.81727    240.48912 
     830    43351.414   -133.51507   -391.28113    257.76606 
     840     46752.77   -123.64621   -401.63662    277.99041 
     850    50450.031   -146.35241   -446.32661     299.9742 
     860    54469.322   -115.33363   -439.20641    323.87278 
     870    58220.412   -89.037083   -435.21371    346.17663 
     880    61808.476   -46.455051   -413.96619    367.51114 
     890    64745.819   -3.3355405   -388.31202    384.97648 
     900    68429.833     -2.59925   -409.48075     406.8815 
     910    72894.066   -6.7749453   -440.20063    433.42569 
     920    77254.393     31.56116   -427.79089    459.35205 
     930    80673.036    93.683287    -385.9959    479.67918 
     940    83449.741    91.349809   -404.83957    496.18938 
     950    86274.589    92.176205   -420.80963    512.98583 
     960    89211.954    130.85222   -399.59909     530.4513 
     970    91447.634    206.01783   -337.72676    543.74459 
     980    92937.078    194.68423   -357.91653    552.60077 
     990    95257.021    202.77075   -363.62432    566.39507 
    1000    97727.856    232.72257   -348.36401    581.08658 
    1010     100163.8    248.02065   -347.54999    595.57064 
    1020    102925.11    259.64399   -352.34526    611.98926 
    1030    105804.89    279.05354   -350.05879    629.11233 
    1040     108153.7     284.7907   -358.28759    643.07829 
    1050    110761.46    300.61147   -357.97251    658.58398 
    1060    114195.89    278.15138   -400.85357    679.00495 
    1070    118035.56    335.92339   -365.91213    701.83552 
    1080    121213.92    387.29469   -333.43923    720.73392 
    1090     124492.3    383.04015   -357.18689    740.22704 
    1100    128491.09    427.26737   -336.73639    764.00376 
    1110    132063.71    474.08236   -311.16403    785.24639 
    1120    134768.02    478.42672   -322.89945    801.32617 
    1130    137381.76    488.27861   -328.58875    816.86735 
    1140    139836.34    530.15314   -301.30905     831.4622 
    1150    141843.84    534.21657   -309.18217    843.39874 
    1160    143408.28     565.1137   -287.58714    852.70084 
    1170    145055.16    559.08422   -303.40892    862.49313 
    1180    147245.25     547.1487   -328.36663    875.51533 
    1190     149693.3    538.14447   -351.92691    890.07138 
    1200    151627.59    576.34743   -325.22518     901.5726 
    1210    152584.24    619.61121   -287.64959     907.2608 
    1220     153227.5    617.25642   -293.82919    911.08561 
    1230    153920.39    637.20039   -278.00511     915.2055 
    1240    154682.95    642.09033   -277.64936    919.73969 
    1250    155713.12    652.78635   -273.07867    925.86502 
    1260    156900.45    655.88419   -277.04064    932.92483 
    1270    158206.34    672.93939   -267.75025    940.68964 
    1280    159590.28    660.89174   -288.02677    948.91851 
    1290    160775.77    674.94686   -281.02048    955.96735 
    1300    162180.17    670.82406    -293.4938    964.31786 
    1310    163831.75    660.16749   -313.97062    974.13812 
    1320     165042.6    656.17561   -325.16216    981.33777 
    1330    165836.39    688.23983   -297.81782    986.05766 
    1340    166499.46    720.41024      -269.59    990.00024 
    1350    167321.41    724.07963   -270.80791    994.88753 
    1360     168389.1    735.05199     -266.184     1001.236 
    1370    169618.61    742.90974   -265.63684    1008.5466 
    1380     171054.3    745.72674   -271.35645    1017.0832 
    1390    172573.36     745.5378   -280.57766    1026.1155 
    1400    174235.62    753.86312   -282.13607    1035.9992 
    1410    176082.43    768.02241   -278.95784    1046.9802 
    1420    178204.03    775.36333   -284.23189    1059.5952 
    1430    180492.27    798.91347   -274.28757     1073.201 
    1440    182369.75    817.46229   -266.90214    1084.3644 
    1450    183990.18    817.08212   -276.91732    1093.9994 
    1460    185826.35    811.18256   -293.73473    1104.9173 
    1470    187640.16    829.19066    -286.5115    1115.7022 
    1480    189442.31    829.19044   -297.22725    1126.4177 
    1490    191614.17    826.85849   -312.47296    1139.3315 
    1500    194139.44     844.9689   -309.37776    1154.3467 
    1510     196699.9    880.45591   -289.11512     1169.571 
    1520    199127.75     900.7934   -283.21354    1184.0069 
    1530    201714.34     913.1504   -286.23633    1199.3867 
    1540    204149.39    937.91479   -275.95066    1213.8655 
    1550    206538.97    968.27986   -259.79396    1228.0738 
    1560    209069.49    985.74975   -257.37044    1243.1202 
    1570    210438.54    1015.8093   -235.45125    1251.2605 
    1580    211852.43     1028.858   -230.80955    1259.6675 
    1590    213152.71    1044.1027   -223.29619    1267.3989 
    1600     214606.2    1051.3911   -224.65018    1276.0413 
    1610    216074.12    1066.4619   -218.30759    1284.7695 
    1620    217642.95    1075.6323   -218.46544    1294.0977 
    1630    219526.47    1085.6795   -219.61755    1305.2971 
    1640     221186.6    1114.5272   -200.64096    1315.1681 
    1650    222236.19    1123.0003   -198.40862     1321.409 
    1660    223356.32    1119.8413   -208.22789    1328.0692 
    1670    224625.06    1123.3333   -212.27979    1335.6131 
    1680    225672.16    1131.8944   -209.94478    1341.8392 
    1690    226716.36    1131.8942   -216.15375    1348.0479 
    1700    227768.35    1140.0093   -214.29373     1354.303 
    1710    228757.27    1156.2923   -203.89079    1360.1831 
    1720    229632.81    1166.8904    -198.4986     1365.389 
    1730    230398.55    1177.6725   -192.26964    1369.9421 
    1740     231250.7    1170.1695   -204.83946     1375.009 
    1750    232149.75    1174.1751   -206.17959    1380.3547 
    1760    232951.91    1179.8604   -205.26392    1385.1243 
    1770    233674.49    1193.8864   -195.53436    1389.4208 
    1780    234410.47    1200.3035    -193.4933    1393.7968 
    1790    235116.96    1203.6617   -194.33592    1397.9976 
    1800    235813.26    1208.8208   -193.31699    1402.1378 
    1810    236512.18    1213.2691   -193.02447    1406.2936 
    1820    237028.67    1213.3785   -195.98601    1409.3646 
    1830    237620.46    1222.8581   -190.02527    1412.8834 
    1840    238185.95    1219.5446   -196.70112    1416.2457 
    1850    238803.04      1214.47   -205.44497    1419.9149 
    1860    239548.13    1220.7018   -203.64339    1424.3452 
    1870     240394.9    1214.5062   -214.87385      1429.38 
    1880    241299.29    1219.8515   -214.90602    1434.7576 
    1890    242256.39    1222.6117   -217.83672    1440.4484 
    1900    243117.93    1241.9953   -203.57583    1445.5711 
    1910    243849.85    1249.9283   -199.99483    1449.9231 
    1920    244593.82    1250.4217   -203.92496    1454.3467 
    1930    245267.02    1250.4217   -207.92787    1458.3495 
    1940     245976.6    1255.9709   -206.59779    1462.5686 
    1950    246785.21    1258.5065   -208.87011    1467.3766 
    1960    247816.08     1267.339   -206.16716    1473.5061 
    1970    248782.39     1271.162   -208.08985    1479.2518 
    1980    249689.55    1275.9366   -208.70921    1484.6458 
    1990    250632.57    1278.9979   -211.25502    1490.2529 
    2000    251793.84    1281.8413   -215.31653    1497.1578 
    2010    253001.98    1295.7797   -208.56163    1504.3414 
    2020    254147.47    1295.5777    -215.5747    1511.1524 
    2030    255114.56      1308.86   -208.04263    1516.9027 
    2040    255998.74    1317.1955   -204.96449      1522.16 
    2050    256803.15    1316.1457   -210.79723     1526.943 
    2060    257494.78    1321.5038    -209.5516    1531.0554 
    2070    258186.65    1321.4452     -213.724    1535.1692 
    2080    258787.01    1323.5236   -215.21536    1538.7389 
    2090       259466    1320.1956    -222.5806    1542.7762 
    2100    259949.35    1331.4682   -214.18199    1545.6502 
    2110    260658.56    1335.0515   -214.81554    1549.8671 
    2120    261437.62     1350.286   -204.21336    1554.4993 
    2130    262283.42    1349.0309   -210.49759    1559.5285 
    2140    263112.98    1364.0739   -200.38707     1564.461 
    2150    263765.56    1366.0242   -202.31705    1568.3412 
    2160    264134.68    1373.0488    -197.4872     1570.536 
    2170    264515.43    1372.0884   -200.71152    1572.7999 
    2180    264904.38    1370.8987   -204.21391    1575.1126 
    2190    265290.88    1382.4474   -194.96332    1577.4107 
    2200    265519.56    1381.0365   -197.73391    1578.7704 
    2210    265796.58    1387.3133   -193.10432    1580.4176 
    2220    265950.83    1385.7688   -195.56595    1581.3348 
    2230    266143.62    1391.8843   -190.59683    1582.4811 
    2240    266254.82    1391.8867   -191.25559    1583.1423 
    2250    266699.52    1390.6454   -195.14101    1585.7865 
    2260    267145.95    1385.5175   -202.92342    1588.4409 
    2270    267268.79    1383.8008   -205.37048    1589.1713 
    2280    267464.58    1386.2865   -204.04904    1590.3355 
    2290    267512.21    1390.5189   -200.09976    1590.6187 
    2300    267286.42    1389.3121   -199.96401    1589.2761 
    2310     267578.7    1385.1023   -205.91178    1591.0141 
    2320    267775.77    1386.4179   -205.76794    1592.1858 
    2330    267859.03    1388.7905   -203.89039    1592.6809 
    2340    268027.72    1386.3285   -207.35537    1593.6839 
    2350     268271.2    1386.8145    -208.3171    1595.1316 
    2360    268505.09    1386.8145   -209.70779    1596.5223 
    2370       268719     1390.287   -207.50726    1597.7942 
    2380    269081.82    1397.5777   -202.37384    1599.9515 
    2390    269559.15    1398.6871   -204.10259    1602.7897 
    2400    270101.68    1391.0084   -215.00718    1606.0156 
    2410    270482.27    1398.1325   -210.14602    1608.2785 
    2420    270805.97    1405.3194    -204.8839    1610.2033 
    2430    271176.87    1405.3212   -207.08742    1612.4086 
    2440     271559.1    1404.8285   -209.85292    1614.6814 
    2450    271328.07    1396.0871   -217.22056    1613.3076 
    2460    271301.89    1398.4056   -214.74646     1613.152 
    2470    271221.07    1394.8921   -217.77934    1612.6714 
    2480    271295.88    1394.8929    -218.2234    1613.1163 
    2490    271676.34    1391.1599   -224.21855    1615.3785 
    2500    272154.68    1397.4569   -220.76577    1618.2227 
    2510    272805.35    1406.5643   -215.52721    1622.0915 
    2520    273526.96    1405.7814   -220.60076    1626.3822 
    2530    273922.09    1415.5561   -213.17547    1628.7316 
    2540    274222.87    1427.8471   -202.67293      1630.52 
    2550    274433.88     1430.477   -201.29773    1631.7747 
    2560    274613.48    1429.3179   -203.52467    1632.8426 
    2570    274577.76    1427.2433   -205.38691    1632.6302 
    2580    274781.63    1423.9074   -209.93501    1633.8424 
    2590    274699.47    1422.9904   -210.36355    1633.3539 
    2600    274356.46    1419.1189   -212.19547    1631.3144 
    2610     274373.9    1416.4134   -215.00459     1631.418 
    2620    274383.93     1417.133   -214.34474    1631.4777 
    2630    274641.72    1420.0412   -212.96928    1633.0105 
    2640    274996.01     1428.142   -206.97507    1635.1171 
    2650    275348.37    1434.0008    -203.2114    1637.2122 
    2660    275356.95    1433.5137   -203.74952    1637.2632 
    2670    275541.61    1438.3583   -200.00298    1638.3612 
    2680    275913.13    1436.5303   -204.03997    1640.5703 
    2690    275881.56    1441.7659   -198.61659    1640.3825 
    2700    275890.92    1446.7167   -193.72155    1640.4382 
    2710    276424.59     1445.215   -198.39638    1643.6114 
    2720    276539.46    1449.5095   -194.78494    1644.2944 
    2730    276354.99    1453.4071   -189.79041    1643.1975 
    2740    275681.55     1450.218   -188.97536    1639.1933 
    2750    275153.54    1451.1352    -184.9185    1636.0537 
    2760    274692.08     1449.589   -183.72097      1633.31 
    2770    274356.16    1444.1323   -187.18024    1631.3126 
    2780    274028.38    1443.4899   -185.87372    1629.3636 
    2790    273879.26    1441.2028   -187.27421     1628.477 
    2800    273861.08    1446.0574   -182.31149    1628.3688 
    2810    274197.16    1445.6207   -184.74648    1630.3672 
    2820     274784.4    1445.2985   -188.56042    1633.8589 
    2830    275094.66    1450.6789   -185.02478    1635.7037 
    2840    275408.46    1450.6776   -186.89191    1637.5695 
    2850     275710.3    1455.9021   -183.46215    1639.3642 
    2860    276244.63    1445.4167   -197.12465    1642.5414 
    2870    276978.97    1444.3487   -202.55903    1646.9077 
    2880    277489.58    1450.4674   -199.47635    1649.9438 
    2890    277819.16    1450.3207   -201.58273    1651.9034 
    2900    277955.14    1457.8515   -194.86053     1652.712 
    2910    277939.49    1463.7332   -188.88575    1652.6189 
    2920    277564.08    1455.7985   -194.58827    1650.3868 
    2930     277276.7    1459.2047   -189.47336     1648.678 
    2940    276834.47    1461.2639   -184.78458    1646.0485 
    2950    276643.37    1472.2371   -172.67521    1644.9123 
    2960    276427.85    1462.6713   -180.95945    1643.6308 
    2970    275490.06    1463.8374   -174.21736    1638.0547 
    2980    274141.45     1462.095   -167.94091    1630.0359 
    2990    272924.39    1467.1382   -155.66114    1622.7994 
    3000    271364.36    1461.4416   -152.08189    1613.5235 
    3010    269517.26    1446.2627   -156.27795    1602.5406 
    3020    267988.84    1456.2618   -137.19088    1593.4527 
    3030    266846.05    1476.0188   -110.63895    1586.6577 
    3040    266055.28    1492.9361   -89.019779    1581.9558 
    3050    266046.95    1492.1893   -89.716976    1581.9063 
    3060    266155.19    1489.3913   -93.158585    1582.5499 
    3070    266442.93    1496.1155   -88.145301    1584.2608 
    3080    266338.73    1493.4107   -90.230478    1583.6412 
    3090    266474.27    1501.2739   -83.173209    1584.4471 
    3100    266027.39    1489.4151   -92.374855      1581.79 
    3110    266057.23    1474.2087   -107.75873    1581.9674 
    3120    266521.56    1469.1701   -115.55828    1584.7283 
    3130    267123.25     1465.195   -123.11095    1588.3059 
    3140    267900.35    1470.0235   -122.90307    1592.9266 
    3150       269288    1481.2259   -119.95154    1601.1775 
    3160    270016.68    1479.1194   -126.39074    1605.5102 
    3170    270691.42    1488.9864    -120.5358    1609.5222 
    3180    271671.19    1501.8218   -113.52599    1615.3478 
    3190    273838.07    1513.5188   -114.71319     1628.232 
    3200    277171.96     1533.031   -115.02421    1648.0552 
    3210    281799.22    1556.3803    -119.1885    1675.5688 
    3220    289001.81    1586.5476   -131.84754    1718.3952 
    3230    302616.62    1628.9022   -170.44612    1799.3483 
    3240    327561.92    1678.2281   -269.44411    1947.6723 
    3250    355982.93    1679.4443   -437.21836    2116.6626 
    3260    373075.02    1661.0822   -557.20942    2218.2916 
    3270    373738.63    1654.3352   -567.90228    2222.2374 
    3280     364006.1    1561.7088   -602.65933    2164.3681 
    3290    356514.04    1543.7349    -576.0857    2119.8206 
    3300    360979.09    1556.0538   -590.31589    2146.3697 
    3310    368861.63    1555.7234   -637.51553    2193.2389 
    3320    364798.01    1526.7417   -642.33507    2169.0768 
    3330    343635.83     1531.735    -511.5122    2043.2472 
    3340    311197.65    1540.4976   -309.87321    1850.3709 
    3350    280383.17    1519.1573    -147.9917     1667.149 
    3360    264591.87    1459.2513   -114.00317    1573.2545 
    3370    255179.69    1478.6731   -38.616855      1517.29 
    3380    249998.56    1472.0279   -14.455194    1486.4831 
    3390    246219.58    1443.7931   -20.220252    1464.0134 
    3400    244536.84    1436.7518   -17.256114    1454.0079 
    3410    242969.29    1317.2795   -127.40783    1444.6873 
    3420    240284.04    1295.3911   -133.32978    1428.7209 
    3430    238185.46    1294.9028   -121.34003    1416.2428 
    3440    234499.07    1268.0557   -126.26799    1394.3237 
    3450     233571.2     1340.784   -48.022547    1388.8066 
    3460    233553.48    1337.8309   -50.870306    1388.7012 
    3470    234087.82    1335.0509   -56.827497    1391.8784 
    3480    235599.06    1328.6027   -72.261425    1400.8641 
    3490    237171.06    1380.5715   -29.639685    1410.2112 
    3500    238285.09    1377.7196   -39.115555    1416.8352 
    3510    237538.81     1402.349   -10.048856    1412.3979 
    3520    236629.92    1395.2597   -11.733847    1406.9936 
    3530    234667.86    1396.5389    1.2115517    1395.3273 
    3540     231529.4    1253.9248   -122.74126    1376.6661 
    3550    225594.82    1263.0851   -78.294205    1341.3793 
    3560    215398.17    1188.9415   -91.808797    1280.7503 
    3570    213671.39    1182.9207   -87.562224     1270.483 
    3580    218102.52    1185.7538   -111.07653    1296.8303 
    3590    214228.16    1185.8593   -87.934179    1273.7935 
    3600    208225.03    1184.5246   -53.574499    1238.0991 
    3610    209428.36    1204.4911   -40.762948    1245.2541 
    3620    218151.18    1210.9832   -86.136425    1297.1196 
    3630    225583.47    1293.9429   -47.368836    1341.3118 
    3640    224530.85    1290.3023   -44.750592    1335.0529 
    3650     222116.8    1333.2744    12.575272    1320.6991 
    3660    220674.21    1342.6405    30.519015    1312.1215 
    3670     220828.6    1355.3816    42.342104    1313.0395 
    3680    221869.71    1325.9825    6.7526516    1319.2299 
    3690    222394.18     1320.669   -1.6793761    1322.3484 
    3700    222687.65    1347.8897    23.796296    1324.0934 
    3710    223730.85    1364.2054    33.909204    1330.2962 
    3720     227974.7    1449.4102    93.880279      1355.53 
    3730    236278.24    1501.2108    96.308317    1404.9025 
    3740    247853.37    1515.8369    42.108962    1473.7279 
    3750    260050.32    1519.3087   -26.941839    1546.2505 
    3760    271100.32    1511.2368   -100.71668    1611.9534 
    3770    285530.47    1494.8379   -202.91676    1697.7547 
    3780     304772.2    1516.6298   -295.53557    1812.1654 
    3790    328059.58    1501.2415   -449.38985    1950.6313 
    3800    349006.48    1497.7343   -577.44659    2075.1809 
    3810    339811.73    1294.5124   -725.99685    2020.5092 
    3820    346696.26    1211.2451   -850.19927    2061.4444 
    3830    450140.83    1368.6575   -1307.8648    2676.5224 
    3840    645077.94     1276.758   -2558.8539    3835.6119 
    3850    1760601.1    1154.6922   -9313.7832    10468.475 
    3860    7245420.2    4869.0481   -38211.979    43081.027 
    3870    5470527.7   -127.08019   -32654.656    32527.575 
    3880     16200663    8269.3259   -88059.276    96328.602 
    3890    5064537.8    17649.345   -12464.228    30113.573 
    3900    3082504.6    17944.014   -384.45621     18328.47 
    3910    3032103.6    18007.175   -21.612153    18028.787 
    3920    3039227.6    18093.702    22.556054    18071.146 
    3930    3043400.8    18109.295    13.334843     18095.96 
    3940    3052414.9    18185.881    36.324161    18149.557 
    3950      3068385    18197.168   -47.347308    18244.515 
    3960    3090146.4    18241.592   -132.31624    18373.908 
    3970    3143943.4    18356.602   -337.18004    18693.782 
    3980    3193358.2    18334.032   -653.56926    18987.601 
    3990      3208601    18302.161   -776.07381    19078.234 
    4000    3186675.6    18308.198   -639.66851    18947.867 
    4010    3168477.8    18151.932    -687.7316    18839.663 
    4020      3131197    18104.882   -513.11032    18617.993 
    4030    3072939.2    17791.252   -480.34178    18271.594 
    4040    3021202.8    18163.214     199.2427    17963.971 
    4050    3037518.4    17958.953   -102.03058    18060.983 
    4060    3057719.2    17833.554   -347.54242    18181.096 
    4070    3060885.5    17717.487   -482.43565    18199.923 
    4080      3051967    17665.228   -481.66648    18146.894 
    4090      3041844    17695.724    -390.9788    18086.703 
    4100    3033565.2    17692.856   -344.62197    18037.477 
    4110      3022894    17701.914   -272.11299    17974.027 
    4120      3009112    17702.219   -189.86106     17892.08 
    4130      2989417    17879.917    104.94277    17774.974 
    4140      2977200    17810.452    108.11991    17702.332 
    4150    2967397.5    17862.677    218.62973    17644.047 
    4160    2968098.6    17732.271    84.055569    17648.215 
    4170      3063023    17702.063   -510.56989    18212.633 
    4180    3198816.8    17336.294   -1683.7641    19020.058 
    4190    2954212.7    17687.705    122.05431     17565.65 
    4200    2981864.6    17532.433   -197.63517    17730.068 
    4210    3039136.8    17614.438   -456.16792    18070.606 
    4220    3095697.3    17596.286   -810.62674    18406.913 
    4230    3113083.5    17489.628   -1020.6633    18510.291 
    4240    3101774.1    17486.359   -956.68598    18443.045 
    4250    3095882.6    17461.357   -946.65822    18408.015 
    4260    3084102.9    17464.821   -873.15251    18337.973 
    4270    3036356.1    17465.798   -588.27395    18054.072 
    4280      2989678    17495.821   -280.70437    17776.526 
    4290    2972221.9    17415.186   -257.54603    17672.732 
    4300    2968777.8    17394.662   -257.59145    17652.254 
    4310    2966940.8    17373.846   -267.48536    17641.331 
    4320    2967827.7     17373.61   -272.99455    17646.604 
    4330    2968949.1    17359.664   -293.60847    17653.273 
    4340    2971895.6    17393.583   -277.20948    17670.792 
    4350    2977020.1    17380.124    -321.1383    17701.262 
    4360    2980108.1    17392.604   -327.01994    17719.624 
    4370    2983628.2    17384.479   -356.07475    17740.554 
    4380    2982689.3    17388.826   -346.14576    17734.971 
    4390    2975213.1    17375.192   -315.32624    17690.518 
    4400    2986483.3    17364.128   -393.40204     17757.53 
    4410    3001306.8    17384.154   -461.51595     17845.67 
    4420    3001931.9    17482.842   -366.54528    17849.387 
    4430    2997004.7    17648.463   -171.62628     17820.09 
    4440    3190694.3     17849.52   -1122.2426    18971.762 
    4450    3421885.7     17715.34   -2631.0781    20346.418 
    4460    3150422.6    17207.817   -1524.4908    18732.308 
    4470    2992488.2    16529.806   -1263.4292    17793.235 
    4480    2993192.7    17112.222   -685.20242    17797.424 
    4490    2996681.2    17141.571   -676.59496    17818.166 
    4500    2959825.3    17259.736   -339.28688    17599.023 
    4510    2948160.8    17024.735   -504.93092    17529.666 
    4520    2919725.1    17027.873   -332.71541    17360.588 
    4530    2850450.3    16875.216   -73.466696    16948.683 
    4540    2829689.6    16783.599   -41.640701     16825.24 
    4550    2830858.1    16788.989    -43.19861    16832.188 
    4560    2833954.2    16816.137   -34.459988    16850.597 
    4570    2830356.6    16820.018   -9.1882954    16829.206 
    4580    2835362.8    16822.218   -36.754542    16858.972 
    4590    2841712.6    16832.648   -64.080729    16896.729 
    4600    2846982.5    16863.072    -64.99094    16928.063 
    4610    2850094.3    16863.477   -83.089157    16946.566 
    4620    2853852.2     16899.34   -69.569536     16968.91 
    4630    2856379.7    16911.867   -72.070735    16983.938 
    4640    2861952.8    16972.089   -44.987143    17017.076 
    4650    2862478.5    17002.264   -17.938058    17020.202 
    4660      2861773    16965.836   -50.170693    17016.007 
    4670    2859546.5    16956.884   -45.884676    17002.768 
    4680      2852282    16936.359   -23.215011    16959.574 
    4690    2845127.7    16914.804   -2.2303611    16917.034 
    4700    2828599.3    16808.937   -9.8197422    16818.757 
    4710    2825523.3    16762.873   -37.593712    16800.467 
    4720      2818639    16725.651   -33.882847    16759.534 
    4730    2827373.7    16713.925   -97.544508     16811.47 
    4740    2845866.6    16803.174   -118.25441    16921.428 
    4750    2862242.3    16803.385   -215.41185    17018.797 
    4760    2872702.8    16822.061   -258.93369    17080.995 
    4770    2859078.4    16779.535   -220.45015    16999.985 
    4780    2842201.4    16720.794   -178.84061    16899.635 
    4790    2828364.8     16720.82   -96.543096    16817.363 
    4800    2792648.9    16662.953    57.955744    16604.997 
    4810    2770782.2    16645.664    170.68527    16474.979 
    4820    2772623.3     16618.79    132.86453    16485.926 
    4830    2817805.1    16678.836   -75.739256    16754.575 
    4840    2807817.5    16648.705   -46.483525    16695.189 
    4850    2808530.7    16670.433   -28.997399     16699.43 
    4860    2808958.5    16674.044   -27.929977    16701.974 
    4870    2811473.7    16677.397   -39.531491    16716.929 
    4880    2805165.1    16675.704   -3.7135464    16679.418 
    4890    2803520.2    16678.049    8.4110931    16669.638 
    4900    2802876.2    16664.423    -1.385564    16665.808 
    4910    2801332.1    16650.996   -5.6312857    16656.627 
    4920    2805730.8    16627.934   -54.847895    16682.782 
    4930    2827260.6    16619.191   -191.60677    16810.797 
    4940    2814164.8    16581.812   -151.11843     16732.93 
    4950    2775392.1    16408.866   -93.523183    16502.389 
    4960    2783104.9      16419.1   -129.14864    16548.249 
    4970    2793008.6    16431.436   -175.70017    16607.136 
    4980    2804298.2    16442.865    -231.3992    16674.264 
    4990    2820351.5    16492.472   -277.24451    16769.716 
    5000    2825100.8    16540.912    -257.0431    16797.955 
